# Generator: SplatKing 1.0.7 (build 26)
# Generated: 2026-06-27T17:25:43Z
# World frame: right-handed, gravity-aligned, +Y up
# Pose convention: COLMAP world-to-camera (X_cam = R * X_world + t)
# Camera-local axes: +X right, +Y down, +Z forward
# Applied basis change: M = diag(1, -1, -1) (ARKit camera → COLMAP camera; 180° about +X)
# Units: meters (translations, points3D); pixels (intrinsics)
# points3D.txt sentinels: ERROR = -1, TRACK[] empty by design (no bundle adjustment, no 2D-3D correspondences)
#
# Image list with two lines of data per image:
#   IMAGE_ID, QW, QX, QY, QZ, TX, TY, TZ, CAMERA_ID, NAME
#   POINTS2D[] as (X, Y, POINT3D_ID)
# Number of images: 71
1 0.582291117 -0.714105746 0.382016817 0.071085797 -0.246986358 -0.229611001 -0.041087529 1 wide_20260627_192430_409.jpg

2 0.612614071 -0.698268932 0.348705976 0.124613963 -0.233228880 -0.185032218 -0.060302079 1 wide_20260627_192431_410.jpg

3 0.651716294 -0.668978779 0.288788540 0.210557462 -0.220444711 -0.121141013 -0.078997654 1 wide_20260627_192432_411.jpg

4 0.676186310 -0.645229399 0.229370599 0.271735581 -0.196103735 -0.058299721 -0.094177373 1 wide_20260627_192433_410.jpg

5 0.709091772 -0.591944812 0.136286890 0.358072733 -0.193127779 0.017981892 -0.102236564 1 wide_20260627_192434_410.jpg

6 0.721121991 -0.544130807 0.025768685 0.428066250 -0.167689725 0.080608647 -0.137031074 1 wide_20260627_192435_410.jpg

7 0.712239122 -0.451050952 -0.091678847 0.529965528 -0.233853749 0.171088896 -0.100065742 1 wide_20260627_192436_410.jpg

8 0.709189596 -0.386706702 -0.152208267 0.569509164 -0.279488289 0.198577224 -0.051684297 1 wide_20260627_192437_410.jpg

9 0.670971105 -0.287463799 -0.270014595 0.627896853 -0.325475851 0.254242679 -0.007293743 1 wide_20260627_192438_409.jpg

10 0.610657904 -0.201506307 -0.360087978 0.675891101 -0.378160653 0.232953860 0.026656994 1 wide_20260627_192439_410.jpg

11 0.496389318 -0.076921598 -0.506711220 0.700660012 -0.411685867 0.223519915 -0.001055907 1 wide_20260627_192440_410.jpg

12 0.393193903 0.124027569 -0.596839588 0.688330025 -0.538025537 0.136541028 0.175478292 1 wide_20260627_192441_410.jpg

13 0.355861949 0.211173557 -0.637744812 0.649653413 -0.583223366 0.113391133 0.290633568 1 wide_20260627_192442_410.jpg

14 -0.220575539 -0.353492886 0.676312346 -0.607446147 -0.586006824 -0.027688551 0.284874067 1 wide_20260627_192443_410.jpg

15 -0.069736459 -0.447593548 0.706654079 -0.543541032 -0.567950801 -0.111387042 0.201291854 1 wide_20260627_192444_409.jpg

16 0.163619588 -0.553785994 0.665673255 -0.472682579 -0.498695928 -0.278342172 0.091884109 1 wide_20260627_192445_410.jpg

17 -0.374735352 0.630178566 -0.594828451 0.329586871 -0.372281828 -0.333172011 -0.040415168 1 wide_20260627_192446_410.jpg

18 -0.390628874 0.699212215 -0.556762677 0.220287730 -0.356408422 -0.394162426 -0.004451579 1 wide_20260627_192447_410.jpg

19 -0.389920098 0.715201464 -0.573001340 0.090103533 -0.433613802 -0.364513831 0.045598015 1 wide_20260627_192448_410.jpg

20 -0.427373062 0.705729967 -0.565059469 0.002297029 -0.456514336 -0.284719050 0.065583938 1 wide_20260627_192449_410.jpg

21 0.507893604 -0.702827821 0.494421835 0.060201249 -0.399403208 -0.260397681 -0.020601932 1 wide_20260627_192450_409.jpg

22 0.592373688 -0.682582654 0.393650448 0.167969222 -0.328933119 -0.211828289 -0.118855664 1 wide_20260627_192451_412.jpg

23 0.672405713 -0.627069134 0.251303839 0.302491716 -0.313313869 -0.088696191 -0.128462513 1 wide_20260627_192452_410.jpg

24 0.679416076 -0.659445973 0.146406917 0.286513209 -0.190635732 -0.080285615 -0.085158278 1 wide_20260627_192453_409.jpg

25 0.681218385 -0.699283683 0.096496894 0.193990188 -0.014616236 -0.086640695 -0.149781805 1 wide_20260627_192454_410.jpg

26 0.687950494 -0.714841236 0.100215448 0.075385597 0.094322174 -0.109066025 -0.160924057 1 wide_20260627_192455_410.jpg

27 0.646607221 -0.711234470 0.246289547 -0.124040674 0.089521473 -0.245357448 -0.173659448 1 wide_20260627_192456_410.jpg

28 -0.475118043 0.675161477 -0.450937521 0.339227324 -0.141620883 -0.405119355 -0.107133626 1 wide_20260627_192457_410.jpg

29 -0.263156368 0.657008192 -0.636874992 0.305743693 -0.482623348 -0.322622272 0.085831557 1 wide_20260627_192458_409.jpg

30 -0.237773779 0.674701805 -0.663119571 0.220257894 -0.537825584 -0.270597223 0.203258211 1 wide_20260627_192459_409.jpg

31 -0.394960498 0.684057324 -0.604304252 0.104346317 -0.471140695 -0.217565405 0.051367217 1 wide_20260627_192500_410.jpg

32 0.520949395 -0.689180732 0.502565621 0.032702332 -0.355211671 -0.219717995 -0.063361785 1 wide_20260627_192501_410.jpg

33 0.606049182 -0.670234585 0.399704302 0.154033960 -0.302734009 -0.154497806 -0.124416873 1 wide_20260627_192502_409.jpg

34 0.672738058 -0.637416026 0.269428165 0.261787661 -0.237627984 -0.054520657 -0.198062052 1 wide_20260627_192503_409.jpg

35 0.713946119 -0.560308596 0.164774406 0.386244237 -0.262415054 0.047815515 -0.131891262 1 wide_20260627_192504_409.jpg

36 0.727872994 -0.507159923 0.049426133 0.458853762 -0.258963993 0.122691667 -0.143752329 1 wide_20260627_192505_409.jpg

37 0.743880429 -0.349595223 0.075860403 0.564508890 -0.469957749 0.205536626 -0.035897068 1 wide_20260627_192506_409.jpg

38 0.754925150 -0.241172640 0.113422826 0.599215352 -0.529494169 0.239117598 0.080633211 1 wide_20260627_192507_409.jpg

39 0.732535189 -0.275103971 -0.019406309 0.622361147 -0.422194112 0.208887030 0.072964291 1 wide_20260627_192508_408.jpg

40 0.693566470 -0.274488665 -0.203093611 0.634329969 -0.386496250 0.264920505 0.000930673 1 wide_20260627_192509_409.jpg

41 0.621501035 -0.165646795 -0.372078736 0.669219707 -0.442868808 0.246993453 0.063616582 1 wide_20260627_192510_409.jpg

42 0.556174402 -0.069046882 -0.470621335 0.681482297 -0.479074273 0.238456287 0.089889742 1 wide_20260627_192511_409.jpg

43 0.387487802 0.107573061 -0.615560263 0.677766038 -0.564013292 0.112937151 0.156225983 1 wide_20260627_192512_409.jpg

44 0.292040815 0.195292901 -0.636897125 0.686246965 -0.604441506 0.053143195 0.142729235 1 wide_20260627_192513_409.jpg

45 -0.308942594 -0.318199928 0.636340368 -0.631168928 -0.645473080 0.031320973 0.383292973 1 wide_20260627_192514_408.jpg

46 -0.339726697 -0.366848650 0.630017111 -0.594210636 -0.707418239 0.034760366 0.602333043 1 wide_20260627_192515_409.jpg

47 -0.316662775 -0.394655843 0.646693956 -0.570752469 -0.739357406 0.031865095 0.663693291 1 wide_20260627_192516_409.jpg

48 -0.203226886 -0.410585449 0.677210051 -0.575764681 -0.706868371 -0.033310460 0.427090955 1 wide_20260627_192517_408.jpg

49 -0.020894165 -0.445120235 0.704488627 -0.552383187 -0.642242562 -0.155122190 0.313977312 1 wide_20260627_192518_409.jpg

50 0.148858410 -0.484753710 0.674623263 -0.536412591 -0.520110350 -0.244506565 0.130353081 1 wide_20260627_192519_409.jpg

51 -0.407461700 0.651834131 -0.563410035 0.302748016 -0.311151810 -0.355919404 -0.034263814 1 wide_20260627_192520_408.jpg

52 -0.318307554 0.696651168 -0.622510450 0.160742623 -0.457091874 -0.342120092 0.135809470 1 wide_20260627_192521_409.jpg

53 -0.366807104 0.690925269 -0.620670822 0.053315584 -0.495217237 -0.276383756 0.141609464 1 wide_20260627_192522_409.jpg

54 -0.485105998 0.697273753 -0.524526068 -0.057912771 -0.415870536 -0.264113821 0.016885138 1 wide_20260627_192523_408.jpg

55 0.594328198 -0.670500416 0.404406736 0.183462195 -0.356808805 -0.168164579 -0.059457856 1 wide_20260627_192524_409.jpg

56 0.668957269 -0.609462399 0.291279013 0.310174617 -0.315257548 -0.067366938 -0.084077104 1 wide_20260627_192525_409.jpg

57 0.714537100 -0.532166844 0.184910813 0.414780875 -0.349061346 0.026968149 -0.024953467 1 wide_20260627_192526_408.jpg

58 0.726166258 -0.479213636 0.087853846 0.485096442 -0.377074897 0.087041826 0.038079382 1 wide_20260627_192527_409.jpg

59 0.717012812 -0.462584946 -0.054743340 0.518566256 -0.257444579 0.131735209 0.059571506 1 wide_20260627_192528_409.jpg

60 0.677169402 -0.432783673 -0.200495786 0.560304679 -0.178473787 0.175335188 0.046358166 1 wide_20260627_192529_409.jpg

61 0.636898490 -0.521313778 -0.278657131 0.494916621 -0.011137939 0.183876413 -0.162861685 1 wide_20260627_192530_409.jpg

62 0.681608624 -0.598629657 -0.082821414 0.412544338 -0.057929165 0.085841575 -0.164643662 1 wide_20260627_192531_410.jpg

63 0.678282524 -0.632174062 0.132708330 0.350253156 -0.228076648 -0.005050211 -0.134230474 1 wide_20260627_192532_409.jpg

64 0.610329638 -0.655658971 0.305727379 0.322707014 -0.364717329 -0.122171306 0.045492886 1 wide_20260627_192533_409.jpg

65 0.543192751 -0.703750208 0.406806693 0.210203697 -0.348859818 -0.219401360 0.090291900 1 wide_20260627_192534_409.jpg

66 -0.422885423 0.751884339 -0.505533573 -0.016542843 -0.409206175 -0.282552376 0.150021245 1 wide_20260627_192535_409.jpg

67 -0.322447102 0.735191539 -0.584937095 0.115628123 -0.492145339 -0.299370117 0.210722552 1 wide_20260627_192536_410.jpg

68 -0.222543103 0.716362373 -0.628679234 0.205090075 -0.554101792 -0.337084399 0.299685090 1 wide_20260627_192537_408.jpg

69 -0.093533385 0.676814936 -0.673257712 0.282660755 -0.589777805 -0.324656702 0.389392259 1 wide_20260627_192538_410.jpg

70 -0.027485181 -0.606524256 0.677001617 -0.415982815 -0.665245153 -0.226680068 0.407329021 1 wide_20260627_192539_408.jpg

71 -0.075253681 -0.602202667 0.690937712 -0.392802635 -0.656543930 -0.248117217 0.482729986 1 wide_20260627_192540_408.jpg

